10000
5360
1716
8139
76
9483
7908
2016
1069
1223
1019
2477
2870
4418
7038
1403
6581
3162
2400
628
4013
8459
4132
2794
2350
4728
4064
4115
7573
6572
1461
4837
9809
8624
8479
4143
5464
4344
7335
4614
2767
5912
9854
4103
9511
3514
6073
373
2234
3477
7593
5374
4466
5475
5129
8540
3885
3599
1079
6267
7113
5218
2882
7382
1640
1721
5787
2978
4509
8987
4258
5419
2422
2922
2589
4698
8926
8347
9412
4937
9687
6394
8330
8588
7042
1197
4486
3550
8284
2729
3161
2888
8399
1844
3954
3080
3578
2280
5928
5435
6846
8511
4944
7620
2643
6641
3357
2625
9805
7170
2921
8077
5987
5544
3917
5170
1126
5071
4029
2190
675
8459
474
4145
4554
4284
2330
1811
9365
5222
7846
8358
1708
5313
2545
7241
7360
3884
7742
7169
9538
4071
6713
7013
825
5721
1536
4934
5759
6477
8624
8239
420
6481
5090
6005
7994
6750
5259
2651
3094
2477
4024
1588
9893
4482
3027
3442
1532
8784
3414
1846
4160
6357
6519
2596
4759
7979
9924
4667
1868
5602
4730
3816
4133
1278
8878
2360
7099
3424
9537
984
4992
8175
2900
6709
1119
4331
7770
4802
6738
2716
8261
7422
4538
8738
6795
638
7111
7602
5636
9550
8708
7421
869
4490
2220
4663
7169
7970
9890
5865
6018
2770
6831
8401
7411
9105
6172
4870
3518
1459
8159
7606
6382
7598
453
545
9391
310
8938
2815
8919
6275
4750
8190
1452
7728
6322
5365
5929
7376
8220
3292
132
2600
158
8383
5573
4600
8602
9024
467
4484
4429
1366
8687
6964
181
1116
8051
4808
785
7054
7838
6056
9203
622
9317
425
5374
5169
6874
209
9976
699
4830
9579
3187
2681
40
2454
4142
8652
3395
4780
1689
8514
6979
1649
5458
4338
3278
9659
2194
4949
1019
9933
5861
8639
1138
8594
6406
1203
7555
2726
2608
1575
3183
4358
6295
5435
6042
557
670
90
4788
592
1685
436
1818
8219
1825
7571
5361
6082
7950
8412
8882
8862
637
345
7702
4733
8188
4205
1728
4722
6984
2791
1854
4116
775
7552
9020
5289
1746
9465
6542
6192
9174
8142
363
9588
9863
8416
4566
9799
690
3555
5552
1166
9612
6072
3824
674
4956
988
3671
6699
3974
968
1982
4929
3933
127
1707
3067
3517
2324
4638
4281
8060
7761
9401
9312
7963
5959
2852
9992
6567
2595
8302
6882
4158
48
9200
1040
5996
7352
1049
5186
9743
4479
2237
7584
2420
1780
2975
5062
9857
1963
1320
4675
2900
8645
3791
4397
1006
2278
6916
112
6949
9998
1949
7504
1187
7776
5235
6346
3691
1353
4334
7376
1084
5358
2805
8783
483
4130
2446
7981
3667
3161
4296
5567
816
7575
2773
2303
9873
2138
2485
8646
3709
2551
1916
4661
4716
7136
3532
7592
8704
6589
5660
8477
4462
1743
9465
3636
330
563
1708
4819
8211
1373
9574
9415
108
6764
5074
7775
1771
9931
4506
7360
8800
8287
6534
1154
3866
3625
101
2713
7043
1641
7672
8019
3997
9919
2479
9421
4455
1807
6187
488
9734
6751
7902
1334
8402
4501
2730
260
3054
187
922
4354
8235
9806
6948
8050
4150
9005
6751
7937
3668
7301
5105
9850
1168
6237
2017
4049
9976
6173
1183
6745
194
1686
1437
7027
9836
4598
6023
2961
1910
9522
7560
1390
5360
6100
9237
9747
2943
4482
997
7647
3622
105
9342
4982
6927
6290
871
9074
5237
4733
538
8909
3478
6045
8083
6769
1019
2916
7357
9002
8351
7454
8860
8651
9207
6748
9105
8322
2074
6143
2483
6361
903
1512
215
3669
1311
9869
3892
7062
5834
8395
5305
8441
9785
8645
4661
835
4102
3585
7539
2908
8589
4732
8959
6084
1226
8151
7231
8584
768
8094
3394
7630
3467
6541
5517
5364
5282
5586
3147
6726
1367
6853
8123
1552
6883
9820
3235
5558
6128
975
9595
7482
4828
3471
5311
7888
8219
7127
8758
6856
3793
8486
2292
30
6334
882
122
5098
8150
2487
4335
6545
8777
5247
4619
804
5111
3247
2707
1243
3894
5178
6392
6838
7940
1821
6153
4799
7451
2794
7758
2522
5966
1136
1863
7091
4913
431
7469
9798
9519
8052
8166
6627
8922
8097
9206
2431
3102
2607
9144
3812
1895
7648
5502
1577
4223
3267
5084
6188
4972
2336
3674
8378
8882
1266
3752
1490
8348
2708
2802
4645
571
8679
1830
1592
1539
129
8810
8687
7194
4539
3682
449
3520
8885
2739
2050
7675
7507
1718
7030
19
7348
7545
599
1703
5493
6741
4724
3385
2866
5112
1237
8069
526
7988
1563
7999
2248
3725
9292
6487
1596
4133
5646
8138
4073
1207
7467
5094
6931
3412
445
4627
9740
4859
1024
7517
8946
4669
9016
3063
9261
8859
6839
9816
6156
3623
9668
1665
5030
2337
641
1065
9624
4915
2197
6955
4913
5603
1931
5102
5601
4199
2833
2171
5933
2094
8932
5117
5239
2073
2676
7781
5296
9506
5792
1415
8546
9659
6359
6927
8986
7648
369
4862
3645
661
817
4808
9345
1515
1756
369
6527
727
6117
4506
1041
2360
2590
979
2225
9389
167
3339
2096
821
8323
2399
8456
1354
4710
4994
8780
658
3912
609
7593
3120
7842
5929
482
1868
8707
5197
3981
6225
8716
2754
5572
6225
6756
692
1678
2536
1144
3613
8007
3573
9553
1161
173
6612
1685
1793
3888
2954
177
3930
3980
2927
8318
8254
6236
5533
4121
9288
2581
4867
7285
2661
8142
2637
603
1810
4760
1953
1421
5232
5101
2474
7607
860
5719
8740
6704
9019
5822
1658
5843
283
4387
4121
1029
7020
6963
7672
853
4821
1354
4044
1771
1013
460
8695
8093
1255
5927
9164
4274
7958
9691
7338
3901
4772
5304
3638
1602
6487
3901
4535
6163
7384
4594
5285
4853
7115
1640
5786
4318
4333
6598
8045
8438
5636
4098
4117
2007
6799
8673
9057
1079
7195
7403
5161
8991
731
8189
1336
7696
8395
7962
6716
7220
4462
7766
2827
1449
8138
133
7726
1648
6807
9478
6664
7675
8690
2198
6640
5526
4479
4764
7360
5111
3168
1633
7262
2526
1431
4206
8545
5502
1548
3693
7520
6348
6407
6070
2502
8597
1127
1776
7400
6137
5300
8689
5367
3737
3117
3399
5524
4902
1689
2893
3500
6982
8191
1298
3651
7617
7120
9158
1794
4699
5849
5272
7236
1660
8729
4504
1588
9157
3566
5419
6423
6223
7284
3666
5416
2440
3875
1422
7166
4772
8969
9180
598
4357
2870
7756
9717
8744
2248
6612
2191
6798
511
8751
8058
4075
6395
3027
9557
8989
7973
5346
9435
9954
9471
4522
4205
2537
8048
6603
1421
6865
8045
8725
2670
4703
3776
8872
138
7419
7999
3745
8746
9795
5133
5235
2052
4974
4694
3047
3310
7511
5738
5697
2963
638
1831
8020
1168
750
7043
6949
4403
2908
367
9929
3205
517
7019
2395
7041
3812
2885
9781
3489
5478
1195
1915
5561
2933
7246
1323
7333
9038
7706
2354
3351
3609
5573
1204
78
3478
4740
1331
1546
9976
5792
6421
9385
8227
2454
9392
1945
5244
534
9770
5385
7433
8094
8719
6111
5579
7104
9679
205
6078
8067
8114
9805
694
4559
5527
7761
924
3291
804
9805
3072
8377
9160
1208
8640
4689
8203
8937
1175
1147
587
9949
8138
657
133
4430
3287
5790
9102
6628
9342
5720
2704
7322
7742
77
7066
3035
7897
1664
1886
6216
2648
9603
7512
9260
1900
2706
5871
1612
3682
7261
7071
7493
6437
8947
4128
5339
7063
5965
3246
3485
4318
873
1509
5305
4093
1986
8075
7488
2508
9615
517
8794
859
1267
9303
8191
1595
9663
9389
5458
4259
5391
5607
7194
4036
2873
7863
4701
6958
2354
9984
345
1418
8297
579
1138
7439
3945
5977
5938
5628
6028
4335
695
5909
3106
1677
1009
2383
1931
1132
2205
3917
8704
1346
8011
909
8541
5899
3452
6095
5490
9277
5849
4771
6115
9317
9022
8300
5530
2420
4885
9610
9653
2829
7179
6997
4355
212
2392
6392
4193
3415
5650
7975
7679
2340
5390
5142
8256
5021
5609
1268
7119
9944
2520
1980
8728
7012
7033
6662
375
6322
5058
6130
9132
2982
2623
6546
3253
9217
6008
4998
8835
9449
6688
5492
7032
2225
4909
6347
263
7694
1402
1782
1347
6144
9993
4639
5144
4808
3350
3070
5781
9054
2015
4361
309
2336
3115
2871
2660
4713
7699
5417
4157
9577
3589
3496
7091
52
2984
4147
4615
4661
6926
7965
5380
9174
7968
9872
3572
3396
3585
383
9088
2565
333
8672
9067
6226
6814
6756
9123
3081
4278
6223
7815
4414
417
1761
5587
8704
349
8211
1476
981
9680
5902
9487
6424
1202
9354
3843
9869
9758
9272
2808
7566
8564
3142
568
8679
6774
5825
5745
8731
2923
5852
1343
9099
7805
3833
5624
6884
2486
4292
1003
2141
5997
10000
2518
7130
5482
7266
5964
2832
7600
2531
8298
4565
7352
1264
9736
516
8662
5627
2019
3777
1437
4273
9215
8381
3978
4649
6331
7650
2954
6474
3044
8742
3823
6969
8517
3441
6083
6609
7943
4641
8265
5687
1990
4377
1336
2099
8733
4865
6214
6295
4992
1808
4188
3354
5967
8260
8144
9607
8956
4510
3193
3026
2570
473
8310
6636
3344
3233
6526
507
8964
9023
6032
9202
9513
7355
1286
2508
1286
1165
9166
5568
452
2552
8117
3789
3891
1076
2107
628
7819
9429
5553
6044
5869
6631
9161
3520
4918
7502
4479
6056
5123
1405
1584
9882
4313
7523
5597
5745
5049
8620
4956
5832
3678
8795
955
9927
8269
5297
3026
7702
2520
5195
2098
9567
4462
8279
6243
2901
8565
8568
5450
9757
1272
7256
1563
8549
7524
2566
8232
9794
1948
9896
9170
9609
9730
6903
9699
274
8216
1339
267
757
692
196
7690
2672
2349
1691
688
6636
2715
4117
8904
1387
9659
9391
4418
7344
4934
2810
1575
6588
3778
5900
1239
9449
5755
8243
3835
2323
6699
7368
7601
7135
2172
1304
8487
1776
6113
2629
505
4816
1431
3799
5278
1304
8006
8721
2611
2238
7325
1225
5107
8312
990
1840
4652
621
3180
1832
2654
4441
6618
5291
5219
7002
6580
9241
6151
262
1211
2984
8004
2214
6399
302
2990
1154
3805
7112
4033
8415
5200
3456
1568
8710
3202
6163
1078
2030
6360
9482
5721
1275
7531
5601
9690
1737
101
5291
6318
5780
8979
3063
7632
3991
7648
1468
6130
1545
7505
9452
6652
824
9906
2888
1244
4196
916
3594
6720
3088
5080
7959
3604
7618
5871
5325
5640
8219
834
3545
5738
2131
6720
8241
908
9454
966
2626
540
8641
90
657
7775
6583
7412
2857
7418
2676
6955
7914
2317
3086
7573
762
6120
4577
3422
7396
6349
6599
8481
5567
8960
3416
8373
879
2469
842
6530
2405
1103
4187
4651
4899
3629
8106
4196
6762
2727
2617
6149
781
316
7307
2571
1078
3875
560
7787
6561
2012
1145
5568
7883
3835
4490
644
2341
4380
2797
7572
3527
6253
2701
8513
3243
3819
8189
2433
4231
2084
2787
7778
9392
3435
46
7489
9537
477
2352
2941
2812
1415
3197
7964
9889
914
9276
6139
4933
3065
426
4988
9837
2309
2028
8092
4236
2628
6273
5322
6279
5993
3716
2601
539
6234
111
682
2029
1124
9024
6431
418
7230
4748
5127
5009
7860
4451
7034
7332
6864
4437
1578
9494
1280
7873
9514
1552
5285
8704
5813
3341
8249
5072
4696
7586
3032
5456
9055
9401
682
6192
9476
964
2607
6853
463
7407
9830
5214
4628
4220
6357
1182
2425
2534
784
4038
5790
3892
4669
1144
1507
3411
3445
4829
2582
5538
7593
3648
3983
8138
4583
9175
3884
6187
8172
8330
1546
9879
3437
535
9463
715
338
7787
8835
9374
9938
465
2795
3336
8725
2943
2568
6482
117
4899
4350
7657
5050
4535
1771
3833
2480
3666
1904
2280
131
3860
2232
9979
7619
5525
2241
4927
9610
233
6658
1916
8337
3090
8122
4818
1415
3366
1540
5542
4653
7894
1836
6252
2741
447
532
9403
1016
5198
3779
1128
472
2415
4873
5049
8570
778
1365
4772
5005
850
663
2125
7107
8799
4329
396
2130
1145
7410
2797
4799
9957
5505
5750
8420
4269
9045
294
4746
3939
4163
285
6548
5259
7188
3542
2534
5363
5690
9520
4953
5821
7375
3311
7644
627
6730
2727
7509
9944
7819
9428
2163
9250
6514
2919
7439
6129
9822
866
7334
2745
4669
2504
4721
3091
6476
2728
9150
5024
3356
6113
4261
3209
8934
8457
5809
2567
9481
7590
1607
8738
7038
3597
8555
9616
5520
7596
4304
5974
99
7423
7645
8576
1130
8520
4906
9527
915
8786
2666
6081
6883
7314
6978
5143
1584
3510
3268
2364
3792
72
813
8384
2405
5142
110
104
8745
3069
7625
52
6103
2339
4706
949
1880
351
550
1579
7363
6443
8962
8836
9440
4635
6463
8289
3074
8533
6637
9615
1676
3785
3165
9061
8010
1833
683
9953
4167
931
7965
9418
5476
4901
938
6504
3205
7602
9105
7519
4658
9907
5220
2868
1389
5624
7232
1093
7043
9181
7896
1540
2060
7691
3112
6979
2937
9522
1765
8923
85
7415
2358
9435
1871
5418
5446
1494
6528
7798
5463
6097
4916
450
116
51
8234
6219
8047
8136
1296
2162
6559
8293
6963
27
670
470
1280
5957
4233
858
4636
5939
9097
2411
940
1131
9271
4872
9099
1386
2340
405
8977
7211
6781
4093
6028
3804
4032
41
8261
4925
2328
5007
4081
1549
3825
10000
5202
1353
1050
4909
989
8232
7162
2595
4682
2100
3709
1921
2134
1766
1119
9360
6082
7341
4708
1250
768
5490
8911
8326
5523
5203
5202
9395
1911
4413
5522
986
6298
3674
4103
8043
93
6503
5429
3796
6723
1743
5163
6776
992
5453
9296
7273
2067
9420
3557
2671
453
5452
21
6988
8686
6264
3301
3276
7584
2493
1127
1320
6036
2321
4967
6657
7178
4273
9775
6602
2435
845
8129
3313
8309
5696
812
5548
9446
1739
3263
8880
2257
2816
2523
7129
5224
2436
2537
2891
7345
2574
8925
4392
2290
2756
630
7730
2073
9749
8154
4779
7935
8438
4872
1795
1056
2402
9250
5761
9580
1882
8505
4610
7090
7640
350
1399
4934
7183
1972
8273
9190
1458
8587
7567
5930
6116
2636
1629
3422
8697
3739
348
2822
5508
3295
4232
6383
6532
1979
6685
2667
7257
3258
6629
4857
9417
5035
7671
1156
2713
6903
6858
7726
7661
1441
2018
8852
2685
5903
9103
2357
4055
4505
528
7048
3028
265
3451
9173
153
4549
6702
4726
3645
7670
1526
5352
5464
9268
7377
6529
574
504
8011
1987
3573
9327
3607
1140
6969
7085
4538
3164
873
7120
1935
1799
5057
4108
7636
6608
2452
3462
403
3886
6633
5226
4974
4197
772
6018
6428
6398
6744
8572
1195
779
3651
6517
6661
3280
9200
4372
4636
6644
8993
4096
1693
4955
65
2827
7982
2720
1647
2441
1630
8026
7483
9671
8802
5161
7572
3538
2316
943
5041
8374
2624
9186
4403
6371
4114
154
4246
4857
8885
2064
7265
4809
2904
6260
848
4830
1184
411
5957
9440
7644
4656
4722
2122
5648
6309
381
8409
642
5166
1252
602
8521
1662
8065
9925
6351
7150
4826
1932
6915
4609
6861
8285
7437
5319
9597
885
5161
5144
1605
7639
327
6027
7369
3227
5795
9074
6508
640
8082
8205
9581
3343
7914
3779
2942
2350
686
7631
1376
8225
1883
2127
9816
7992
7788
856
481
5143
1897
313
8609
8479
4635
5192
1868
374
4596
171
6891
5756
4735
833
1921
5497
8191
9755
2778
9703
6381
5958
448
6517
4314
6418
6896
9782
1610
3177
8644
3835
4522
2623
6878
950
9655
2919
8049
9113
1954
2324
5263
9744
5994
8116
6501
3346
4408
2284
1080
4844
9809
3003
342
9382
1175
293
3988
1265
6133
4227
5658
3499
1618
6506
736
6902
571
1408
683
6838
1188
5160
122
3615
8058
4766
4387
9455
5730
9938
4744
8306
5654
5243
2360
1922
5194
12
4836
3557
1688
3265
2028
9994
5918
7108
9850
6582
8867
7124
7101
1056
1736
993
8579
7473
7054
5953
7197
736
7188
6583
1653
3673
3771
1914
7868
3817
1722
2051
214
3882
1046
6398
646
2037
8093
296
4338
300
2550
4586
2799
934
5720
1720
5012
5020
9278
558
6970
9339
4859
9168
2246
2157
5205
441
6929
9587
4768
5991
2297
4555
1872
7012
8295
9978
8001
4900
3245
579
3111
6116
8823
1283
4139
3049
7221
4857
4316
3969
9435
3629
4889
4593
2165
8544
691
1800
1985
8358
5675
9759
3003
1824
425
425
9384
8983
6724
5800
4171
2185
9293
1819
815
3616
1161
2812
1617
2474
8477
5855
6142
9206
7932
1116
7049
2898
1078
6117
1450
9746
3633
5014
9181
1184
4321
1988
6298
1149
5399
2044
6417
2857
9351
6036
9905
8985
9999
120
5944
2896
2734
3732
9705
2212
7722
5312
1795
1104
1218
7764
8630
4900
7738
9192
1941
9473
1588
3313
1887
6590
3456
2149
4216
327
4881
5138
3976
5566
1198
8600
3933
3278
2586
7722
4373
3059
3941
1066
2401
8344
5810
9249
6120
9389
6701
1919
592
3349
7499
492
5348
5820
9691
6260
8729
14
4725
5266
341
6021
2022
5557
7458
2384
8090
6948
4468
4759
4544
3855
5427
7174
5302
1108
7411
5488
203
5872
6933
4981
9744
7491
257
5981
7083
4319
5304
3025
1514
598
5329
2213
9534
7597
7345
5984
1961
2351
378
8719
2959
3466
6096
2271
3744
4034
3664
9557
1569
6453
9811
5473
3720
5153
549
3176
7764
840
3636
3963
6861
6007
9798
6616
5322
5870
6987
5748
555
5029
2684
1619
1621
7807
5672
2463
2330
1833
2316
3006
5255
9897
184
6782
5700
6473
6086
1744
5580
6350
7731
8605
9893
1905
896
3400
2009
3671
1692
4638
6261
8722
8666
9543
5164
9103
7746
816
3129
8103
3155
4764
6697
4866
7626
9834
1928
7351
7414
2072
331
2248
8152
824
5014
7029
8826
7992
1436
8726
3097
6949
5882
3277
7716
6870
1812
1696
971
421
5989
4744
9227
566
6881
2766
3252
3773
9649
9433
4608
2081
5765
9795
9973
6167
4645
2253
6582
1481
5223
2397
278
9122
9032
5971
781
8888
7940
7194
3246
3053
842
8289
7481
800
4040
461
234
608
9516
3754
1289
792
4359
2206
5214
3791
9082
3862
7085
230
8724
8090
1180
3477
7132
8335
3826
3570
5417
5965
3243
1487
1537
8041
8618
6013
7097
1163
8540
8710
5351
6382
6155
4212
9340
2490
8626
7250
7790
2359
2219
4609
7005
4528
629
1719
8431
4206
3081
2316
2630
8691
7667
8527
8176
3041
1000
9824
1334
4431
7718
4155
4035
5376
5764
2382
4842
711
6271
5400
1909
5968
6231
1315
2915
7895
6085
2019
82
1951
178
8255
8477
2538
2280
966
1188
127
1047
1095
3408
4478
5150
9371
1643
5301
8678
1158
4042
8037
6985
6935
3227
3356
8550
9527
4580
7780
6287
1805
4903
9595
4269
2442
9844
2632
3858
7175
7493
8023
8756
1574
5440
6612
4937
3762
6612
1630
5744
4258
443
5572
8228
6272
6251
3882
4738
1357
6311
4679
4387
9818
1341
1500
3004
5473
7946
6295
8368
6982
9548
7376
1271
8550
6128
8828
3892
8166
9470
854
5651
7950
4200
3748
308
7972
798
8973
679
4940
4474
2544
804
9493
9749
5124
1151
5228
5152
3063
256
7378
4816
8449
9998
8636
6696
7659
9159
8403
9804
9574
7837
9948
1935
1063
5971
7737
991
9253
1226
8949
399
8362
9005
1535
1749
7494
8635
3365
256
2705
2760
4670
6058
7116
586
4151
5918
2939
8733
6708
5746
611
7908
3692
6230
4765
7932
9690
2149
1749
5825
8971
706
1751
1170
7356
4044
6644
121
2626
1772
9589
9874
5167
7878
8454
4052
2473
3698
3354
2759
8306
6156
2395
4134
5484
1666
8512
1409
3139
6069
4404
8862
1489
7805
9537
4301
1185
7072
3970
4562
1355
7888
1308
6930
72
4775
414
4587
1881
5760
9561
4029
9627
3185
5652
1827
5156
7452
2431
7589
1841
9912
2645
1995
1640
9771
572
289
2523
5510
4915
2886
2060
9853
373
7113
5731
7122
757
6970
4452
1739
2414
1929
751
8891
3823
5392
8253
2976
3151
8060
8010
6679
235
6643
4131
1801
7491
6030
4546
9254
7838
7916
8926
9072
9621
137
4703
8151
3508
2073
8138
8706
351
4027
9047
7891
6512
564
1166
5859
7003
7428
1825
2633
8633
7946
5215
8610
3513
588
3476
2618
6616
6994
4812
6423
5525
7603
3224
3161
6156
9650
5861
760
7101
8843
5300
1634
6274
3340
760
3352
5043
5004
1418
702
9627
3024
8734
7310
5357
6852
7239
1461
1392
930
9369
8095
8078
592
3572
6647
999
7296
9304
6511
6139
5803
1350
7274
5622
1565
2194
4263
4242
358
1251
6479
9787
9896
6433
5983
2421
1538
2154
3752
1719
6522
7582
4330
9464
1629
3576
6276
694
6342
6838
2148
5652
197
3927
1503
1335
1531
97
5848
7992
6097
4510
2310
4216
7883
4287
7305
6774
793
2340
5129
1703
2372
5406
5290
4121
9920
8306
5150
3695
4600
4528
9002
1382
8626
8699
574
4262
7891
2282
9814
1566
4236
5573
2984
2071
115
5589
5531
8426
3659
6410
82
6457
8282
263
662
8415
6773
1927
9565
3665
5261
9317
2639
1676
3251
9476
9306
2301
3633
7962
1098
8880
5750
1215
3354
7815
5570
4779
4062
31
1754
6606
129
6477
5037
822
4382
7646
5773
7795
9122
2261
2536
6906
473
1263
5477
3011
3462
2497
4028
4930
3893
9705
4659
2716
5691
5018
8377
6805
7220
1136
6824
2370
9607
8812
539
1855
5291
5090
5160
1129
4231
5966
4491
4973
6258
5927
8226
224
942
3983
679
7425
2432
9911
6780
3931
7770
1472
5277
5586
2220
9964
3205
7430
342
8396
9347
6108
6734
435
7943
5136
1051
5297
4368
9992
7314
9006
7227
7241
4765
8344
7239
5805
4528
8473
359
7226
7478
5636
8898
1243
9258
7852
7561
9593
216
9611
3056
6608
6950
5219
7874
3708
1746
1466
6348
8478
3931
8844
1058
3520
8387
6347
2694
2144
805
6981
1363
5718
6558
8338
3673
5474
4972
2937
8502
5256
9660
5023
5289
6681
1243
4822
5991
3841
8634
7446
8549
8980
5048
1189
1242
3997
6396
1194
6369
3776
6335
8980
4706
4380
2177
8125
2612
2993
1670
4987
3028
1584
5497
6905
7612
1856
5826
4671
3020
8778
9887
6180
4649
9616
1325
6001
9621
4483
8338
7465
5620
5041
9202
981
1872
1175
5739
3210
3829
5075
7657
5650
9196
799
8772
7748
9102
1561
2007
1285
619
6116
1419
5849
4782
6877
2347
5909
8125
74
6721
1623
853
5243
8048
8795
104
7215
6737
5089
3212
2038
9715
3562
8187
9833
2403
1337
9762
6038
8033
3839
1264
4173
3509
285
8301
3820
130
5472
2421
9791
3901
8359
1577
3672
171
4669
2561
4545
843
9305
6875
9284
204
553
1472
813
4644
5595
8843
3846
2823
5312
8928
566
8512
3168
8136
4422
2182
4497
8271
5995
657
2177
1580
9321
2528
9606
9105
8691
1288
6815
9618
5780
271
8199
2218
6708
8298
8455
7242
6982
2849
4361
2371
8255
5469
8178
1989
2144
2354
2500
6869
9171
2128
7983
6029
3248
9619
4395
7868
6422
5864
1443
1345
1457
7128
5599
1152
4121
593
6615
2717
2739
4607
7529
4935
3730
6344
7125
5551
5807
6379
6844
7649
5485
2065
1535
9581
6565
618
9569
4556
1983
8542
893
3115
6242
5708
5016
7005
5244
940
6035
1230
9120
1133
6598
7474
6269
6844
1197
8553
8479
1355
6066
7400
8519
8575
5295
6503
8461
1186
9323
6881
8892
88
1628
7406
8170
3893
2642
356
2258
425
2329
3326
155
9548
921
582
8418
2166
6478
3000
2376
2434
8237
5516
8761
6960
4914
3383
9618
4403
517
6332
8564
5332
3783
511
1918
1688
825
5210
1992
412
9949
6640
9773
1774
5274
2425
173
537
7748
7998
4742
8441
934
7124
7448
9181
3160
9765
225
7205
1655
8143
2573
9836
1706
7991
9295
5572
3860
7306
8560
9633
5921
6217
2705
8150
7316
3157
7888
833
7618
3667
9878
4353
1436
3385
8025
6993
2783
3951
8255
5459
3451
6712
625
9568
9123
2846
4132
1221
2991
6253
4771
4963
8689
7522
6864
1924
6318
8685
6486
8081
4134
1624
6045
6669
9987
7776
387
9888
7410
6570
7426
6544
7034
4025
8048
5887
4421
8409
3389
2047
4910
6239
9686
3635
8290
9992
3654
295
2870
6149
603
7034
2978
1421
7689
637
6386
6946
9770
3815
9533
2492
358
9593
6572
5364
2092
4939
7653
7563
693
7700
3178
7560
5040
7000
3640
6446
9342
6384
184
6994
247
6710
60
5840
4063
8752
9358
7698
6190
4817
9684
2923
1841
8334
1626
7838
6271
6004
4311
2331
3018
2249
9993
1308
441
9014
871
6955
4369
1357
6121
1220
5770
8812
9615
7833
5985
3163
1671
9889
3785
9600
4308
5761
3137
6994
7099
8601
6437
8336
1980
1420
1276
7532
3477
3036
2312
8999
4100
2069
7800
6561
3817
1332
9013
9032
2851
1987
656
4662
8927
9803
1027
4155
5148
5427
5133
2355
2742
4606
9323
760
6754
3797
4966
979
2330
5040
6428
3920
6752
7086
1636
3934
5895
4394
7318
3850
3327
2282
2194
7718
8780
9417
2497
7783
3434
8927
7725
6947
1220
401
334
5315
8985
4132
150
9146
335
612
1282
7339
859
2991
4051
7419
2155
8655
5365
6308
5723
323
466
9955
2512
2977
9321
5417
1756
9086
4755
3197
9091
7953
4107
1627
720
5680
6385
4608
8310
4709
8470
154
3916
188
9469
9031
2435
3798
695
1471
4402
4961
8900
981
7145
8430
9375
9291
8792
9157
6668
6281
4820
1504
8188
680
4738
7357
3699
7786
9540
4431
2214
280
1165
6784
9871
3938
5130
8041
4115
6655
1623
7899
489
1027
5783
2968
3450
743
5004
9958
1771
2108
1684
7096
6653
4595
1248
123
691
3267
2345
48
5894
1843
4735
1413
5371
8518
9965
8417
9892
7931
1140
3745
8801
8725
397
8485
2891
8356
7167
6728
1400
9067
5324
828
1355
901
2517
1404
9890
4380
1222
7374
4736
122
9045
196
7095
1220
419
8079
4159
721
3431
3706
4516
2981
8553
8496
9487
4624
1007
4832
755
5234
2089
977
7733
8949
118
7189
9720
7677
4441
4333
2808
6830
5756
299
1505
488
7430
6269
9435
3479
4296
3282
1091
7936
487
3705
6812
588
5618
1498
4492
8517
3413
9190
5377
3688
1847
6977
4283
9406
9624
668
8313
1270
2962
4041
9571
8611
5955
6494
3656
9982
496
4073
8079
7387
4525
57
8560
4245
3420
383
5527
7210
8309
9819
4259
2095
5589
78
3034
7506
3437
9699
5196
8522
6135
3764
1947
4912
2444
235
7788
2778
4290
4560
518
8740
7604
1290
7823
6341
9165
768
1121
4478
4902
8756
2386
5028
9098
5014
264
686
9874
5709
1050
6994
752
9500
2202
7765
2154
4638
575
2102
6055
9472
2907
1945
7979
6925
6198
2995
8818
9187
9648
5283
7622
4032
9602
8080
3617
1913
1901
4617
3891
5925
8269
654
1340
9947
766
7524
887
7732
5344
226
6230
1740
9277
6472
2442
4951
6240
3450
3808
8754
1310
5859
797
251
6144
2469
4699
8403
6651
839
3296
5444
8171
9657
430
522
2870
5652
1552
3847
8577
7438
9770
1283
8039
1223
2413
7031
2745
2475
2854
8123
5646
700
7379
39
155
1415
4403
8632
2758
3450
6084
6590
8433
6732
7934
9237
870
4300
1932
7808
3463
6779
9840
442
4737
4492
8199
4834
5155
4127
4901
496
1314
6946
6098
6463
2026
8587
5217
9322
9783
8889
8823
7612
5644
7880
8893
4436
6003
172
7057
5103
1094
6013
793
7363
6532
7838
3365
7400
5793
6208
516
4401
9017
442
2365
9634
8266
2959
546
156
7538
1238
986
1848
6635
5299
3494
4486
8825
5084
2838
5186
3893
3068
9624
9381
9006
3805
1013
928
2161
8342
3100
4285
1085
3603
17
6390
6391
5787
7608
7781
3495
4627
7794
9103
3800
41
1961
2281
1535
7716
8220
3353
5618
5249
1744
5154
1728
8823
5759
7000
8349
2680
5964
3940
5500
6192
6819
820
5120
4477
9569
5631
2901
2906
636
2462
6878
8819
151
7719
8443
6918
5389
7678
8194
8039
4453
4013
6350
8714
7328
2437
2258
3514
2207
3584
9421
6440
6577
6854
5555
558
5397
5706
4525
7435
3551
1432
5373
1366
2835
2175
4367
3844
1874
9721
3114
389
8473
3791
3624
1649
4364
8436
6126
7965
3525
7020
7282
8555
1662
370
6271
2977
5267
7571
9855
9523
7087
1669
9827
4992
9241
8185
1286
5535
7202
2527
4303
6778
7376
506
2821
8967
8544
9825
2615
4499
5751
563
4355
894
1225
1881
1096
2237
1216
3100
3614
7668
371
1436
9056
8702
6069
9430
9965
9584
317
9604
1688
2944
7847
872
2517
8063
6851
7811
6286
3861
5621
623
4075
5846
203
3485
1139
9979
8383
2025
9954
4263
8944
611
2659
7062
1134
4438
4114
5564
8024
282
1853
5230
7078
1167
7858
9168
5417
9457
8917
748
9123
5423
9239
9057
4309
5875
4438
2830
168
7636
6774
6494
8761
5003
612
3630
7269
6333
138
2729
4869
563
5542
8346
1235
6193
8448
6593
1161
1899
9722
1607
9527
4215
9585
316
307
5273
2211
2714
9691
3099
8379
5156
5221
7304
9330
3053
2196
8517
6472
9064
1983
1178
185
1247
1019
2437
765
2090
3958
9570
5436
2887
3523
9406
5530
3047
9414
6573
9270
6721
6057
183
4606
5242
9152
74
1715
3153
7535
2509
1597
1060
1751
9755
3784
3276
4503
1546
9875
4971
7361
7700
7576
970
3807
1181
72
1065
141
817
2341
7499
9675
3271
733
6580
2889
384
3655
8413
475
3503
7712
4807
8762
8533
8296
6059
1330
4421
5058
9311
6259
1678
3569
2725
6128
8271
7686
1230
4182
3674
7433
9626
9522
1692
8235
3191
2031
5413
2643
7210
4416
2379
4240
6190
8438
8228
9469
7313
2504
2755
1659
366
991
6162
1558
3585
4699
4202
6939
8698
5628
2631
5081
2044
6285
1618
6041
918
5609
3000
4120
5798
9203
7081
8104
1902
4434
8345
9936
1941
907
8289
2869
3712
8506
3578
3864
7597
5868
270
763
5707
9106
6248
6077
3522
5405
2664
5837
6956
7773
3443
3641
8689
9519
1118
967
3548
6189
2365
7435
3624
7946
774
7604
4120
2864
1314
3166
5439
1913
6969
2971
7085
449
682
7484
9133
7849
1559
4630
48
9916
7949
9677
4252
5029
1830
2358
1641
153
5195
6032
4010
8574
8344
3763
9194
1615
9791
5326
3822
1593
3404
1767
4292
6732
1571
9706
4871
117
903
8830
9068
9717
1746
5126
5195
8943
1291
5456
2487
4750
5714
5013
4852
3344
3639
4880
1578
6776
8267
2877
3479
2422
4991
2101
9027
7138
9617
9017
8205
7297
6534
1182
5297
9715
986
3540
6244
6172
7007
4273
7424
5337
3057
9117
2109
4609
7074
6613
731
1859
2133
121
2324
8187
9706
911
3933
7191
8975
845
2472
268
8255
202
7259
6097
2313
6300
2069
853
4865
657
9202
2321
2165
9650
3827
7331
6423
8173
6445
1143
1077
4252
8941
1381
9060
835
1479
2864
292
5676
3887
3484
5059
1954
197
3037
717
6352
9817
1961
7866
7321
6795
5364
2429
5480
8693
8161
6311
5688
3053
6569
388
2523
9629
2498
8345
1279
3171
1457
91
7220
924
9070
2802
3652
4653
5475
7463
3957
4558
1445
6257
7566
5966
5984
9155
6687
8306
7914
4028
6984
519
9919
5165
8440
4251
6634
788
4315
1154
2429
314
8192
6605
1811
5632
1248
4189
1339
8467
6990
1465
4055
8639
1017
5915
2541
2267
4027
3567
2212
3280
1627
2363
5935
4249
8709
9785
8638
427
3045
2049
3944
3362
4801
2695
9737
2244
7848
4848
3514
9263
2021
9068
5948
6980
3611
1903
1671
9879
3221
3220
8405
2972
4778
1902
3784
3298
8287
7200
4169
8521
8127
5259
6060
4496
3514
328
8275
3527
1948
8410
1198
9023
8605
2841
198
9847
2439
2161
8482
253
8981
6073
487
3247
6993
871
8746
35
8373
5225
5761
2556
4939
7333
5964
5812
299
9635
2190
8984
5580
4310
7142
2721
9873
5431
3823
7218
3700
4573
6762
763
9344
1514
8108
1140
7367
8768
3987
4279
9956
8441
9309
4118
3011
3432
8801
5978
6835
1604
472
6363
8666
1262
1725
8764
1910
6853
2497
4768
6453
6692
2543
3848
5353
3670
4462
1734
7287
3809
9693
8341
320
1034
4413
8443
4420
2078
1730
6963
586
3767
6107
9271
5455
3126
5875
5748
8837
2897
134
4207
2294
2812
7313
714
8693
8945
3936
6582
5630
383
5947
4289
9760
6128
1101
7057
1413
4256
1312
6056
8660
311
6612
3045
5571
2093
3026
2386
6112
6882
3785
6559
3796
8289
6372
1810
7179
5995
4695
5925
3340
4441
4097
8319
5993
8009
6339
3995
8295
4692
4310
6196
6501
2804
6256
8853
9938
2771
7131
777
8504
7067
7287
8403
3595
7304
498
2637
290
5999
5763
7096
9011
9043
2958
6576
8094
404
7393
8038
4290
9088
5512
9248
2207
3971
78
3924
3544
6595
7528
6247
8959
6792
3862
1351
8330
8400
1380
5066
6596
9606
1179
6866
3487
7675
7018
7528
3598
88
1574
1683
4464
363
1026
1219
2369
8618
4476
4013
6700
9146
1964
7186
158
3273
5890
1104
7271
6077
4179
9537
4615
346
4438
2635
1340
1125
9778
7797
9478
3904
9268
4191
1373
3217
4553
2871
794
2800
6712
9622
7357
7333
1963
8723
4187
348
1513
5563
7720
8377
3500
8802
5475
9100
5659
4355
5679
4944
5818
8870
477
8483
7355
8352
8834
8024
3463
4411
600
5848
6177
8660
170
4885
58
8219
4712
4138
5808
9546
7401
3706
9381
4629
8258
7857
9594
6351
149
5974
4445
9932
8784
2943
3812
139
1730
8670
1953
2267
8727
2517
3902
6401
602
3415
2712
7403
6056
5458
4977
4485
9176
3532
4127
1482
6579
1798
5139
5097
4398
8393
4001
4334
5690
5938
8434
7860
9716
6816
2284
2494
3814
5551
670
3917
5912
2632
5021
8716
1841
9698
693
3775
6606
7224
9632
2806
5650
627
8320
5799
3938
5942
4001
1016
3316
4446
7655
8804
2739
1080
3839
1874
7543
3016
9312
5045
6406
6963
2008
9653
9137
3400
1555
1097
7259
3205
3705
1078
832
4987
8820
6461
5639
3033
3038
9904
379
2788
7008
3695
7820
9056
752
8721
5515
7374
1736
4284
8516
5432
8707
6254
2713
2490
1644
1450
2802
4696
9044
1716
3663
6899
3043
7289
2069
3400
620
9168
9413
4180
5509
8524
2976
9915
1896
4883
8605
6068
8599
5401
799
1739
1721
6383
2006
8813
3484
3361
8646
951
6602
5675
2611
5673
2206
3592
8646
8629
9235
2057
6492
4737
1307
6250
9951
120
2678
9514
8772
662
2107
2202
8630
1394
5866
6850
6498
8771
7479
3958
6319
9913
1923
1040
6125
9822
9637
4899
2991
1150
938
2997
7495
7076
3214
1221
3265
2810
2173
8538
2406
9126
5080
3811
5126
4198
2681
5808
7131
9146
1522
3575
3323
357
2407
160
77
3755
7979
6240
9596
8331
5556
2558
614
4184
8297
8042
4476
400
882
9760
5304
5454
7893
8167
1619
7021
4258
2181
6248
6802
9933
3388
2792
4777
3617
7216
9920
107
6422
9750
7031
9018
5513
9300
9564
1309
5687
3302
87
4809
9380
7350
9312
7796
8761
757
4568
3609
9605
6102
9294
9977
2616
6414
4146
3600
5072
1765
2796
5135
996
7574
4831
2677
5540
7343
5234
2632
2970
8068
2469
9059
9238
2688
8477
5949
1329
8604
1533
6336
9316
2033
5165
1089
1834
9485
6309
5123
8121
4788
4673
988
1837
480
7072
2080
8766
1172
1459
1659
7744
4778
8826
1488
1785
7065
375
1150
5837
127
9954
8082
2861
649
4093
9219
7946
1527
2589
5664
7434
9721
4799
6729
7627
2472
8589
8064
7123
5778
2375
8174
9547
9600
5492
1105
5123
9558
3918
4359
9441
9563
3024
3510
6353
3737
4413
4455
9539
5211
9543
258
9706
6469
6476
7169
241
680
3238
8321
5181
764
1537
1309
7582
90
7008
5941
6769
7236
4932
1215
7653
5557
9734
4018
3302
1602
420
7498
7456
1355
6191
6466
7335
9958
9312
9090
6778
9440
9435
9617
6169
311
3981
7785
7191
6996
6253
7069
4545
9136
1369
8730
1635
9736
2002
7398
8161
3251
7895
3513
7791
3188
8701
4701
5812
7492
8562
6630
8295
5920
5017
7237
3745
7274
8185
2734
365
9880
1447
3057
6800
1508
7517
5345
9007
4317
1898
9009
2794
5651
7685
1291
6434
8325
234
3487
9621
7302
6981
1586
7861
6209
5891
2355
893
5768
9747
8972
9925
7264
443
7594
3532
8374
2888
5903
9290
708
6593
2848
5783
5358
8422
791
7970
590
276
7738
2341
1043
2479
6372
4272
3313
9721
7774
6306
893
9591
9368
5471
4825
1182
9226
1652
1483
8076
6035
8556
9582
9963
267
1092
3504
2762
1207
2445
2289
9793
9020
4316
313
2681
3852
9977
5851
1771
4241
8395
492
452
8326
4446
4118
4501
3023
6001
4647
7392
4668
1247
6561
5694
5750
85
1783
324
9290
5098
7969
3333
6721
8371
701
5107
7079
4803
9919
7076
8929
4621
8852
3553
2847
4838
4588
1542
4324
7795
4402
6635
1848
7515
7036
4502
2517
7476
7552
8075
6257
2490
6921
501
8699
8702
6349
4186
4531
9413
3350
1509
8425
2909
170
8907
2614
3697
1793
271
4637
1858
1502
3424
8640
1701
4692
353
8385
3669
3717
8115
9003
2390
6693
9316
2114
8568
8632
7901
8739
2408
6884
8932
7974
785
1426
4976
9332
9741
4456
9050
8678
4513
2755
4442
4833
8037
3360
4450
1960
475
6575
6488
7312
6664
6923
2162
3637
1263
5234
2481
4319
2787
3184
3437
4111
2329
9212
9090
7799
1286
9315
2045
5064
4307
523
8516
4579
1455
1275
6419
2164
1404
9867
6852
645
7545
1235
8702
978
1023
3642
5050
467
8032
1972
4669
3815
4264
4129
7859
3778
6456
3597
3959
3732
3875
2901
1970
5352
9525
8700
1922
717
5368
7969
3551
3341
3359
9525
3163
152
4480
4181
5872
5717
4456
140
5699
5903
5412
7925
5387
7361
2736
5345
3782
3072
5186
3217
3526
3866
1751
4560
9870
4180
4429
7520
5245
4004
8853
2092
649
3703
3367
4262
8305
713
9602
1989
6714
3846
8388
3837
9310
4132
2051
6314
3487
3345
1444
4779
3811
78
7486
992
8432
2687
9672
2989
299
839
3958
9192
1805
7128
2012
9674
6702
1774
6101
6011
7021
4053
1482
6127
8745
6370
8135
8500
6391
3576
4809
7264
9616
1287
7110
7564
8838
5737
6070
213
9110
1189
5130
4281
2875
6605
7037
5970
3831
9233
1858
7839
1676
9474
1354
1054
8476
2685
3045
5032
3559
5949
2953
6431
8403
3128
6681
2778
4734
4619
6964
4298
8070
9743
5548
9258
2651
8855
9028
7888
2687
8568
1178
8550
8881
1446
8823
6228
9393
6493
1804
1230
8881
6134
5541
7834
8373
4635
2119
6256
5552
7308
1451
1632
6682
5660
7587
5493
6512
9768
8418
4356
236
3310
3501
6982
344
2814
4005
3260
8399
3482
1417
4837
2507
1896
3631
920
5013
5979
2707
81
9479
3854
9363
4171
7786
8122
4130
3868
869
1480
1922
9162
1944
5681
4059
5402
5786
5842
7021
4139
4994
5400
7160
9129
6854
1999
3045
2728
6362
5869
832
5396
6784
263
144
8443
9876
5552
5962
9903
8553
3852
2368
5087
8428
5088
2499
7005
7289
4623
5459
3269
3805
3209
9007
5252
243
6767
6234
5533
9811
2882
1418
7790
1312
217
7781
4539
1685
5748
5453
1089
5743
9358
9475
6152
5403
927
4531
9608
1301
3686
3777
6958
8717
4796
9445
2662
6347
9227
3630
4898
7421
6544
4276
9766
7033
9711
7398
4788
9918
1374
4620
8592
2104
6489
2337
844
4916
5818
8672
5800
7184
6961
1609
7224
2885
3485
9759
4448
3649
1402
7095
4956
8170
4916
4155
6579
5670
1598
1643
9718
582
1694
1935
4086
9082
2701
1919
2693
8757
3466
6430
1733
802
7888
5017
3380
9349
8259
1446
6081
7492
255
6990
1412
1406
984
6239
3224
3178
8029
7806
7454
5945
2622
6866
6434
1126
2452
269
110
8004
8636
3200
4968
6058
3816
1467
1230
5312
7296
5295
9708
7020
6268
6518
4682
9513
3359
1752
9909
3473
4813
5728
5741
8993
1791
7211
6835
2693
3727
4499
967
5835
2640
3548
180
7200
578
4043
2427
7644
1450
4852
247
5471
3372
4555
5327
3977
758
5578
8129
8594
2079
7213
8950
873
9856
6443
7864
8793
9424
4328
891
9262
3232
9332
5034
2865
9522
4740
8278
8751
1872
7618
9908
1697
257
4962
8839
67
3127
1704
3522
5417
2468
1086
3044
1160
9810
3193
8154
3527
2960
9178
7623
9030
8383
1588
5342
4528
6910
2887
3879
8781
1512
2701
8217
8067
1977
9232
4307
7025
2435
2633
1342
9422
8268
1073
5938
5457
4469
3532
789
6776
6367
4112
6257
3655
6007
8067
2050
8771
9423
9905
1473
5507
7580
2263
8948
3868
9876
5907
9800
6893
2431
868
4906
780
9245
387
1078
1651
3435
513
7100
3891
3444
6762
9815
9710
1295
6797
6958
6831
7103
1321
353
6466
8503
8650
412
7499
8860
4041
68
7005
6790
4999
2344
5781
4883
2130
5374
4021
1380
6658
217
5754
8368
8792
4067
9211
4237
4517
7115
3440
8377
8781
6543
6722
6732
6025
1466
3686
7083
8338
8096
3447
8543
23
6949
9357
315
4457
684
720
1266
1303
5521
5091
9179
6994
4522
5341
6880
8814
6843
9646
7774
6152
8362
1514
1085
9287
5623
6196
1366
4780
1592
6733
6595
8848
1416
2886
5953
5627
2697
7095
7286
4785
9090
9648
825
7282
7694
5961
6256
2316
4821
4136
1546
3253
7810
5359
7991
1752
1040
6422
937
1252
9004
6393
2848
5648
2909
2763
5518
3941
387
9914
8391
5346
647
2612
3419
7327
911
8996
5069
20
8299
4712
7684
9928
3180
9362
6059
2495
9316
7822
6255
7050
1990
215
6618
7310
2907
3243
4725
1558
4612
8815
6867
1471
4257
7316
8180
6225
8529
3199
2630
1452
3907
3178
908
596
4046
3055
2836
3958
2855
9647
9258
7996
2310
6954
735
1805
2956
3283
627
9937
1211
3006
2097
148
6145
2295
3690
9040
5348
2096
9500
8930
2994
870
5201
2026
8902
6847
3152
2280
6860
9273
313
4470
148
7477
4992
1433
751
3185
3935
6949
4339
4006
1590
7830
1160
170
3136
4392
820
3445
8163
4011
3845
2256
8908
8203
3203
8478
85
7391
1250
6608
9101
4498
7029
9080
5034
9506
8988
382
2439
1036
7643
4309
4636
4669
4722
6387
6667
9165
1231
5694
5074
5049
4052
3341
4629
9722
2213
9975
8919
91
1335
1393
9520
6308
7464
9326
8710
7605
7527
3846
9761
6209
6295
5625
2683
8586
3985
377
4063
1270
9250
6958
463
1988
9653
736
9763
5689
6213
1430
7421
7785
3815
5687
3640
2488
2456
1884
6074
4578
7822
2675
3212
7887
210
9996
2356
470
4724
7576
2554
7851
474
1860
5873
7246
9372
1631
3253
1328
6142
5572
4803
3046
853
2425
4782
2553
4154
9716
8516
6981
7211
1861
2863
8722
1248
9173
3179
5522
7684
2899
2793
2854
7847
6662
6596
138
3600
8802
7310
193
2602
782
4363
1724
9827
1408
7276
6027
5191
4241
5286
2138
1324
7584
2232
126
9290
2673
2484
3942
1589
1273
4486
3506
9571
8851
5104
9535
3678
2100
330
8404
3857
7872
2715
5612
472
4615
7507
4265
4229
9254
7824
9009
8872
5350
1595
9220
6350
4368
8490
9518
4040
8520
3635
5578
1563
1591
1059
8869
3889
9184
5401
1710
3150
1850
7879
3070
3114
1119
4615
3504
1707
8154
5494
5486
2232
2465
6628
5029
3271
1291
9232
6544
6979
5038
3885
3406
4946
8441
652
9037
9858
6281
5584
8334
9975
2380
4241
844
9960
2537
5841
645
6493
1156
3921
4433
1305
2714
5248
6347
1530
2464
9409
9331
9870
3944
8624
9033
5441
8692
73
1867
4076
7559
3103
994
4669
5691
6290
6764
4355
2704
4559
493
8578
2457
2399
9711
5767
9789
3788
7853
8568
181
7327
3752
2822
4945
9567
8409
1850
2080
9043
4840
8672
7320
998
4696
5924
2500
8265
1395
8000
673
8996
8671
8016
5930
2363
7021
8001
8266
4931
6756
8632
7187
6717
1520
3377
3906
7909
8157
8326
5724
7622
44
4527
5754
4947
4702
8398
296
5374
8131
6151
7416
5574
8447
7492
3602
1377
4530
1408
2643
4623
4510
1787
8565
3830
8626
5753
4073
9950
3685
4810
9438
8635
7315
8431
3572
5542
6392
7233
620
2108
2427
7563
467
6612
6265
5303
2025
3348
7057
1228
2333
6000
4157
6834
1423
4987
9001
9196
7759
5305
2777
1235
4751
1699
6919
1862
4272
480
4110
6111
4548
5507
2687
3011
6393
2620
8215
4831
793
4119
6252
6726
3333
7831
6980
595
4664
6148
3849
5574
4031
4420
7706
928
390
5817
9405
2807
6847
2381
7386
2484
1820
6030
2968
1406
9857
2214
1236
1389
1743
4753
2155
5936
7562
7429
3599
7148
2966
1755
6297
415
4045
2607
3494
955
9543
2394
1068
5914
2624
2447
7392
4630
1008
8977
6168
1716
377
336
5694
4459
8479
712
5995
4494
6443
3965
6973
533
1891
9156
529
4636
8438
2657
1450
9454
2041
428
2711
7514
5169
1555
8050
9168
8134
1420
7451
8741
8515
5886
5768
8569
3905
8146
1078
3044
3349
4312
9104
6137
2215
5552
4162
8738
6984
6261
6067
1787
5874
151
13
5038
3958
7141
6167
2009
8229
5400
1102
2206
7195
6539
7631
7021
27
6055
637
4136
8101
2453
7533
1298
5662
7045
7133
6556
800
8489
1722
1062
8792
6652
2800
299
7933
243
485
7660
9905
3614
9726
4001
2903
9614
6957
5452
7938
148
8897
400
2321
4612
8948
7648
7233
7675
22
1913
1455
3013
2160
3537
8313
2838
8853
474
1032
9385
4121
480
8148
9606
6018
6523
7068
1876
3944
7020
8786
5568
2971
6496
4905
3124
1453
8222
7669
6027
1359
5064
7963
9853
6205
9619
4916
9841
7767
1769
5622
394
4937
7028
9972
765
8288
5919
5068
965
5288
7880
1783
9697
301
8162
3508
6259
3811
6567
4101
9795
3280
4805
5377
3774
3232
8134
4716
7794
5836
3053
276
4119
2853
2877
7286
6142
2637
125
9294
1975
9437
4138
7550
7708
9759
2067
9052
2294
3039
456
9200
575
906
8128
659
2901
8139
7181
2322
7622
7776
7196
6637
301
6091
9227
9247
7024
1080
7390
4836
1754
2789
2874
93
5924
7409
265
7024
3757
8308
8673
4590
95
3969
18
3239
805
8243
2215
5367
8042
339
8985
6277
6928
4554
7884
5274
6458
8770
3903
6334
632
1683
2479
727
3575
2454
9902
4116
3257
9443
1037
2990
990
453
3118
4017
4404
6373
660
2059
3787
8705
1533
5762
8823
6384
3281
8951
3884
2524
798
1820
9209
3741
4889
6391
1050
3335
6139
1140
238
4886
7184
7619
4305
4289
8921
2887
5410
5886
7871
9843
4937
604
187
1621
3114
5917
8929
9271
3655
8615
3517
1621
7735
1356
6692
5003
2338
1245
3395
4500
958
9886
1485
9026
4844
7875
7508
1641
5147
6727
2002
8176
5648
6350
7713
6208
4046
2300
2797
6147
4117
6303
129
4118
5944
1313
2221
2481
8623
5248
1620
4653
9090
5288
8302
7573
2305
2790
5029
4518
800
4963
3332
4087
280
8917
5762
8157
1640
5400
2580
5843
4060
5073
7404
7970
2826
3580
4612
2531
6243
4460
7489
8680
5922
9614
7710
6649
6565
6703
982
8341
9706
1292
349
4223
6732
449
5324
7994
117
9898
3873
5863
4156
2178
1198
6431
2716
5747
7836
8706
8327
5833
2644
5715
9635
5405
6603
4897
9815
6174
5813
8769
2955
9015
371
3838
1866
2651
1432
2212
3217
6268
8627
1636
726
7356
8190
8367
4963
4142
7844
3695
5173
6250
8489
9606
3043
8106
1434
4372
6621
5913
3839
3408
6550
8911
3501
3174
7633
6649
6791
4655
7347
7581
8801
9089
8528
7432
9018
4081
4455
1577
9675
548
8844
7285
4068
4009
7763
3956
8573
8849
8869
5052
1898
7198
4878
6481
719
6274
2287
1424
1263
1980
9740
9324
358
9499
5048
5951
660
8803
8723
4875
1520
2248
5968
7059
1893
7201
1944
3901
9420
314
6678
6268
715
7414
7322
3591
8816
3079
6757
4284
8423
555
7108
9014
3251
7727
3556
573
277
2354
2258
5460
1957
4314
5946
6394
177
8628
2244
8553
6037
1924
8817
9587
1434
635
7840
4352
9610
5661
3493
2781
1332
8559
4065
9342
9045
6103
6850
8264
5327
4958
9553
4829
3522
4378
972
146
3493
1720
6241
4857
3226
9504
4796
1535
6791
3746
8710
2217
2933
1825
6833
6801
3667
4264
5994
6332
5068
9606
821
7840
7937
8815
2325
9522
2840
2599
5336
3407
4150
1608
7808
2812
1409
2897
7003
88
3568
7103
515
8180
7641
8194
2323
7935
968
7925
4306
605
1143
5463
1642
1847
1594
7241
8007
219
3818
8914
7042
7443
9073
1767
3804
3198
1177
6110
3391
7448
9483
767
6364
8958
3781
6674
2663
9026
8349
75
1492
8033
7276
1965
4909
1015
3593
5915
6765
5383
9089
351
3150
7295
939
4544
2889
618
3957
5411
8662
5126
4576
1985
5137
7472
3588
3202
7812
2597
2439
5336
7243
1652
4568
3727
4090
5702
8130
3747
7433
9868
9227
6402
5773
6061
1985
6725
858
7595
277
793
2739
9363
9090
6237
9132
7136
3081
7880
5971
5998
1251
1131
5415
3228
8225
1503
1074
133
5528
562
4536
4464
166
5095
4905
9951
9233
5791
1264
5015
5642
2207
5596
8176
781
435
4737
8419
6337
5499
1745
7330
8615
3858
3600
76
9126
1666
936
3397
2665
920
3943
6573
9522
7994
4930
7728
8809
7761
2304
660
2534
1204
8792
7904
139
4852
6435
6711
997
434
2956
8173
5594
8690
781
8987
6636
9293
598
8373
4735
2534
7710
3310
812
4142
7210
1980
1023
3298
761
5717
3633
9915
1420
7407
3602
6698
8949
4236
9758
9554
9416
9739
4396
8792
6610
8765
188
4092
8479
5968
4271
1748
1040
3074
5697
2526
441
2941
9679
2332
3515
4124
6199
8870
5234
598
5865
3687
38
245
4086
7054
4199
9282
3594
3024
5553
1277
476
4489
9803
5496
6203
586
6156
9925
4916
7685
6074
2183
8156
9856
5993
272
9194
8163
4995
1065
4146
8574
3141
3138
4214
1020
7157
1929
4074
6362
812
2685
4717
6851
726
4818
3952
6860
3605
6406
2656
4994
8832
1068
6917
8907
4626
106
6730
6256
6163
7351
7076
8524
7021
8328
5823
385
2417
579
6428
7242
2886
6953
6886
5073
8383
9375
43
9939
134
581
7745
9310
9751
6875
2743
3320
6536
9382
5700
3250
6703
3246
4288
1958
1055
4433
4504
3918
4497
5284
2917
448
2907
7183
9474
2762
3892
6353
5240
559
8777
9327
4649
2667
7395
4992
9809
7174
1276
6576
4766
2514
6071
9253
9240
5460
855
4460
307
4222
9671
6167
4373
3412
1798
4125
322
7291
261
7914
8494
6417
49
3336
9215
1900
6896
8542
8572
6120
1003
9814
9571
1138
8483
1529
5459
7704
894
8076
2376
4710
445
3252
3425
3143
854
8700
3062
4044
8612
5794
2477
287
6290
9424
16
7374
6820
1106
6668
2598
779
8693
1702
6333
4821
2902
7663
8713
8487
3608
7623
1488
8951
1945
2270
3083
1150
5215
3540
5670
7772
7693
6899
5472
7702
8900
1946
9476
4208
6325
9444
1124
4870
7698
3279
76
4814
5092
970
577
4731
8959
6943
3070
5384
1032
3098
2777
6349
691
1585
7538
804
9475
7796
8668
3423
7639
1947
8117
4041
5290
7227
6048
2275
958
4163
2451
1035
3845
671
970
6472
8175
9811
2662
1839
2937
2730
2614
5703
9559
6782
6992
584
8852
9129
8622
9994
1480
4068
2220
2143
445
6174
9477
5930
7426
9840
8508
5504
1985
7100
2185
4675
1929
5045
9127
184
6406
9381
1315
5054
7885
4441
8737
6120
1688
1191
9377
8122
5219
8853
4549
1602
4811
3229
6122
7998
2625
6564
583
5432
2573
6137
4112
2051
6783
8990
4071
8865
5117
6248
2930
2445
6312
9588
6688
9409
3731
3029
1289
2383
3741
3302
8863
5065
8548
4984
4426
9937
6174
761
4335
1300
4899
4295
3592
9501
8757
2160
7373
7827
1232
9341
1423
2967
2262
1904
9946
7254
582
901
4487
7488
8127
1629
7896
3109
2257
1960
2916
3190
9044
4712
3785
8427
6399
8203
1670
6110
9654
9248
391
4308
3652
46
3637
157
4123
2062
7623
6058
802
8505
7445
7003
7764
7587
5311
2805
1614
9939
1280
6798
4019
2867
9981
2529
3555
2772
3337
9697
767
1377
351
7034
7309
3393
9304
8909
5426
9939
4903
7174
5154
1662
2580
7342
3124
6301
9714
1207
9980
9607
9495
7104
2693
5881
212
2844
3449
843
909
6318
7816
4532
6350
4511
8609
4724
7233
3353
6670
4873
650
7285
7879
4172
5778
8360
5437
160
1258
8147
3706
9146
8078
9427
5467
8614
6528
8399
8231
4081
568
6839
504
7977
168
867
2679
6169
9124
9371
6160
427
391
6844
1443
5001
6207
2832
3959
7148
9668
9503
716
5538
8432
6256
939
5389
1674
2675
6614
3905
5200
482
4654
683
7406
351
3152
6874
6458
243
7959
2942
7281
9945
6402
6298
9175
4779
9250
7787
3007
5018
9735
447
4768
3051
3165
5506
5925
2762
9822
3646
3408
6984
282
1774
9644
1264
1335
7874
6831
1624
7996
6818
2221
7387
5987
3166
8451
8944
320
7406
4462
143
1274
5670
1603
5486
4455
1845
2878
1386
3894
9733
6482
975
6553
8698
9313
2416
9274
4732
9726
7105
2786
293
7151
7547
9724
5249
6760
3386
8788
3525
242
717
6856
5700
8053
4543
2936
5641
8267
1409
8880
3454
3816
4311
4162
1642
1946
1449
4221
5737
5296
9658
8609
6714
2134
5151
4810
5048
409
254
5689
8762
1246
5614
9259
3023
8283
1128
9513
196
9717
5906
44
5002
9266
2393
6563
4457
882
3288
31
7921
7368
5759
6860
9912
9715
8433
9097
2800
1893
3331
4575
2541
7251
837
8217
827
8367
9895
7955
4492
4804
1595
1463
419
6654
5388
2558
2903
8285
6864
8909
5871
237
5099
5578
2015
2712
2405
2356
7842
5474
8267
1822
4959
4771
9887
4373
3755
6065
3244
8536
657
8154
5524
9713
7152
3068
2058
9494
2497
4185
6291
8290
3740
4233
1169
7667
6974
9887
834
5265
8348
371
5855
6634
7476
5577
9197
9980
2750
1153
1909
5770
9754
9679
9218
5362
2999
5282
5309
3545
8648
6616
2337
5912
4638
3338
1027
7718
5014
1627
4074
9255
9980
5588
7709
2399
6146
6717
7243
2299
7905
4460
2509
2729
6328
181
261
6181
7687
7112
1233
2542
5291
1199
6431
6723
6841
4293
8331
5787
3550
9827
863
8613
4134
5535
5160
9869
2766
4410
9772
9488
2879
29
9799
6492
1400
1404
8063
1814
5667
9615
6219
2952
8283
5905
3062
7722
8797
146
2031
8442
2215
5775
5813
5907
5619
7298
3955
8475
5625
1716
3870
6018
9019
4075
2463
7770
9512
7469
6526
2471
6907
7996
7665
9839
7860
1708
409
9095
6355
9622
1391
4067
8166
596
7623
2407
3959
2221
7328
4069
8590
140
9512
2817
8098
5001
9211
4575
3491
4126
8972
7823
9755
5170
1334
2473
9084
2540
5698
884
1141
3984
1440
5113
7044
6068
8892
2142
9905
4444
4363
9200
4539
811
6740
1016
9116
838
1997
9936
8436
2674
8785
7277
2853
3269
3526
3081
1552
4484
2858
2508
863
6058
7593
8873
114
360
2228
4331
8494
725
7838
9051
1373
1578
9775
7519
9277
2793
496
4584
4861
2271
4416
2627
1104
1693
5659
4287
3258
4375
7634
2692
6623
8374
9645
5836
9389
4774
9838
6719
7752
9918
7259
6712
6089
6088
817
3825
9858
6012
5190
3270
2755
9812
3526
2466
975
3214
5748
4881
9399
7971
5263
9118
182
5390
3127
5021
4560
1472
5983
5193
9062
8660
8465
695
303
3484
8676
7918
1466
2108
539
9448
487
6117
6245
4488
9904
5240
1334
2955
7878
6311
3035
9808
1396
3824
7494
6452
3032
6905
3650
1165
55
9853
584
2298
5081
5810
2025
8330
4061
6699
3108
9837
7321
9194
765
8130
423
5919
6793
7347
2412
7313
1301
5477
6205
9212
4903
9401
1362
6081
6562
9866
1248
5603
5506
5868
8543
7702
4479
9370
644
8806
5176
7098
7878
1004
7669
9012
339
1390
2085
5596
6474
2087
8450
488
5656
551
5795
2598
8780
748
7502
7119
7484
2473
3135
7903
5683
4285
8101
7158
5459
5083
1993
6279
5352
1979
2686
8079
5630
2402
8298
7530
3475
5148
7233
9152
7994
764
2837
7151
5078
7235
2877
311
7263
6834
9671
7070
1676
748
5875
5403
8688
3491
2782
4064
9890
7189
7304
6926
1177
4066
4666
3840
9440
3418
4920
1096
6271
9522
5195
8245
8426
9887
5605
5196
1812
9091
552
515
3009
6423
5853
8088
8964
165
382
8882
3638
3137
2686
2505
4196
8690
4917
6774
2179
4138
1914
3213
298
5648
9860
3174
8902
7966
6143
9885
9804
9691
2673
1145
8923
374
5289
5771
2145
4450
2606
1543
1275
2627
2200
8916
390
8741
7000
3834
5033
9808
3381
2809
5577
5886
4242
2328
7168
3210
6240
222
7440
4878
7112
9393
875
152
1073
9960
5265
1726
31
6393
3502
6038
3203
3814
2718
3723
791
6289
6511
4530
3003
1816
7336
3655
9443
4468
3114
1616
8172
9729
9579
7257
4329
5618
1235
3443
2267
4786
4681
2903
1523
1020
9377
3811
9608
772
7196
4511
882
2817
437
1452
5910
2725
658
4646
6166
4158
2846
2941
4391
6780
1349
6465
1630
9738
6385
3353
2206
1235
1056
5062
1493
5748
9216
1238
7431
5216
6866
333
8584
6545
7175
732
703
4840
2608
6236
2299
6062
8658
9422
6818
8789
1435
3420
8226
7717
766
8686
2809
5536
5457
3129
9743
6329
5931
4913
6124
4115
1700
2524
3309
3641
5771
9132
9746
1031
2284
9912
579
7436
7399
4411
9072
9246
6078
4316
8463
8097
6161
6545
4119
1145
4319
2762
8485
787
4041
9053
8134
9120
3757
9785
1833
7566
2485
5311
4332
7248
4450
7927
3554
876
4140
5422
5606
9100
7709
5656
4050
9167
9499
3167
2847
6825
3788
8353
394
8744
6147
6664
6386
4527
5180
267
1202
3370
4234
9343
9364
2310
7265
4433
1361
3142
8746
2874
3528
8218
4819
8942
1641
7884
7831
3318
215
5569
7065
1509
5329
2229
6393
5306
1183
2631
9114
9372
5889
3329
9526
3670
1258
6564
8805
5843
1228
3579
810
4004
4259
6632
9429
4973
8395
4362
8527
5053
597
8360
3993
8096
7307
4709
3170
1542
54
6976
2304
2195
4312
5514
7253
4708
9857
9496
3884
4499
3293
592
5239
2341
801
6278
2795
6001
5159
2003
8232
698
5423
6812
1904
1125
7925
7384
66
559
8640
2723
7859
9756
4142
6860
6807
7458
8854
2302
8060
8192
1800
8595
9349
8197
792
1435
2165
7946
8851
823
3411
6217
7265
7682
1772
9923
824
3048
4004
3612
1388
3905
5667
3876
8678
8872
8777
528
1637
7764
3266
5182
7804
5714
7534
5093
9122
5387
1666
78
1388
589
7368
9524
7658
6613
9260
746
8734
5066
2934
2527
2707
2591
4558
1831
6976
7006
3513
6022
2889
1259
3521
545
4928
3411
