77 93
45
56
45
36
73
71
66
41
35
47
63
61
65
46
70
61
32
31
49
32
46
69
50
72
49
59
56
50
53
31
78
42
48
34
57
31
30
41
62
36
71
54
66
66
42
45
76
46
70
70
46
47
76
36
34
50
80
41
36
51
61
62
38
53
30
38
41
50
52
76
73
42
42
49
71
40
52
66
42
34
41
44
45
40
41
80
35
55
73
80
70
54
68
64
43
46
66
75
49
58
54
35
47
37
38
55
39
50
77
63
55
31
74
44
80
64
50
48
42
64
33
71
60
62
48
77
55
55
41
43
54
46
37
70
46
72
38
43
54
57
52
72
65
72
78
62
37
37
39
49
61
54
56
49
75
65
60
66
53
71
61
36
35
37
68
54
46
31
44
46
67
64
48
35
61
71
73
65
40
44
72
40
79
69
52
37
38
55
60
48
41
37
54
46
80
56
39
67
51
73
59
79
54
45
69
65
57
53
33
77
73
70
75
56
68
68
74
39
34
73
59
36
57
36
57
37
40
39
75
62
35
70
41
63
74
69
62
55
34
38
70
71
50
57
31
52
42
59
71
78
35
51
45
54
77
38
36
68
56
80
80
30
55
32
50
79
37
65
65
57
72
76
65
71
45
79
72
79
60
66
34
51
80
71
72
69
71
68
48
61
52
62
75
41
69
56
48
77
35
77
39
36
75
35
46
51
56
66
47
53
47
63
37
56
42
43
62
65
34
61
46
70
51
68
59
79
40
78
46
51
44
55
43
44
31
64
44
71
73
67
74
55
68
53
78
75
33
51
57
59
45
60
42
76
67
78
32
67
30
42
76
39
44
59
31
70
43
49
64
79
50
69
63
58
44
49
33
33
63
67
46
71
40
45
60
67
30
54
33
46
76
77
56
37
45
35
53
42
66
41
68
36
77
62
45
51
69
48
33
46
69
43
80
73
67
39
77
41
34
32
41
54
33
47
51
74
62
44
56
56
38
40
39
53
32
52
59
50
60
72
50
36
54
58
59
34
50
47
67
64
31
67
49
41
56
74
65
53
48
51
66
35
47
76
64
40
61
71
54
80
77
65
80
57
54
73
41
52
32
50
63
66
64
43
55
58
32
77
55
53
42
30
75
42
49
62
55
56
53
44
39
46
44
53
47
70
54
69
46
30
45
42
79
45
42
75
60
44
53
57
79
71
50
42
53
42
72
52
67
64
47
75
67
56
44
43
65
31
43
47
57
68
60
61
46
72
74
74
65
66
66
52
61
71
30
56
41
35
48
70
46
44
57
72
45
48
80
39
52
52
76
63
33
37
34
60
46
52
40
71
52
30
80
80
63
61
47
48
31
39
55
39
41
46
60
74
46
52
64
46
52
64
78
64
47
43
38
74
34
47
47
50
38
54
35
73
67
39
39
76
73
45
43
65
52
63
56
68
32
79
74
33
73
73
51
50
37
46
73
56
51
62
67
59
34
58
67
79
80
60
57
58
75
67
79
51
61
66
31
79
60
80
35
66
58
35
69
46
53
67
43
59
51
66
31
47
78
72
43
36
60
33
74
70
33
32
49
58
46
73
40
32
56
68
31
71
48
38
59
63
40
65
49
48
57
70
78
31
33
58
80
68
79
56
57
46
77
47
38
46
79
36
30
73
59
80
56
34
40
65
57
54
64
30
67
37
71
64
65
53
57
69
37
79
79
45
69
44
36
39
80
47
40
41
50
56
43
37
54
43
69
59
57
69
77
35
46
78
50
43
51
56
73
58
65
61
53
78
49
36
73
55
35
52
35
37
52
54
54
59
75
36
36
31
61
54
55
32
60
32
55
55
35
57
71
32
62
37
62
59
32
76
73
64
31
63
74
60
39
58
39
79
44
72
49
56
43
68
61
33
48
64
72
80
36
35
79
50
70
57
60
31
60
32
44
60
75
42
52
59
73
46
54
75
39
44
51
74
45
47
36
76
62
60
42
67
53
30
76
48
66
43
66
67
67
76
77
55
36
77
56
49
66
32
72
47
74
49
32
54
51
63
46
66
72
70
42
80
44
31
59
71
50
41
50
58
44
80
30
63
37
68
33
41
60
30
58
38
64
68
67
76
50
65
32
62
42
39
45
35
51
77
56
35
57
71
76
79
37
73
76
76
55
63
64
69
63
80
31
45
69
69
52
65
45
36
40
68
41
32
54
67
56
68
40
75
45
78
32
35
74
77
40
34
76
67
48
55
71
71
34
46
35
48
52
61
62
77
55
32
42
76
36
70
58
49
39
43
39
73
